Times of interest: [[278.0, 284.0]]
nensemble: 20
nfft: 556
angle [[0.0, 98.00000000000001, 180.0, 270.0], [0.0, 82.0, 172.0, 262.0], [0.0, 90.0, 180.0, 278.0], [0.0, 90.0, 188.0, 270.0]]
Relative to MP1
y = 3x, slope = [0.35874118312497, 1.2046647367001284, 1.7686137724169007, 2.9215762454378575, 4.331448834729788]:
y = 1x, mean square = [15.329567388612194, 12.886044709009758, 23.42554388291195, 15.858844019466105, 13.32956738861219]:  
Relative to MP2
y = 3x, slope = [-0.2361906276008784, 1.2524899120744017, 2.1511864590673127, 3.0224418901215087, 3.9211384371144193]:     
y = 4x, mean square = [25.39516658740882, 25.82044551021313, 39.7596674704131, 45.024720431964944, 21.395166587408823]:    
Relative to MP3
y = 1x, slope = [-0.3424797256801239, 1.0573708482518194, 2.182141615079232, 2.7323012292882924, 3.5819921890111757]:      
y = 4x, mean square = [40.51334945711139, 42.640452905174385, 61.39659587223466, 58.949601765479564, 38.51334945711139]:   
Relative to MP4
y = 1x, slope = [0.2155713516122697, 1.051024834387488, 1.9112324944301204, 2.7466859772053382, 4.163862625764783]:        
y = 4x, mean square = [50.540112031403154, 70.76749269316838, 77.76955608424066, 72.92283919118779, 46.54011203140316]:    
n = 4, slope average = [-0.001089454635940651, 1.1413875828534594, 2.0032935852483913, 2.8557513355132493, 3.9996105216550415]
n = 4, mean square average = [50.540112031403154, 70.76749269316838, 77.76955608424066, 72.92283919118779, 46.54011203140316]